33606,11589,1594
30771,11360,1171
33616,10679,655
33617,11402,1596
25602,10682,473
25603,10955,1220
25604,10275,None
25605,10323,None
25606,10324,None
33626,11734,1595
25608,10282,210
25609,10283,None
25610,10968,None
25611,10198,None
25612,10199,197
33635,11892,1597
25617,10213,223
25618,10900,1382
25619,10901,1444
25622,10112,None
25625,10677,None
25626,10913,1416
25627,10228,18
25630,10243,16
25631,10128,602
25632,10815,None
25633,10129,None
25634,10149,None
25635,10150,None
25638,10169,None
25639,10854,1425
25640,10180,152
25642,10182,491
25643,10162,373
25645,10202,389
25647,10203,545
25648,10217,87
25649,10218,None
25650,10219,184
25651,10220,146
25652,10221,337
25653,10222,227
26382,10448,None
25654,10229,None
25655,10231,304
25656,10170,446
25657,10171,180
25658,10857,1388
25659,10858,1465
25660,10183,483
25662,10185,165
25663,10082,None
25664,10083,None
25665,10084,207
25666,10071,None
25667,10072,None
25668,10074,615
25669,10089,514
36523,11963,1590
25670,10258,59
25671,10332,None
25673,10245,None
25675,10249,None
25676,10259,533
25677,10260,150
25678,10261,None
25679,10333,None
25680,10334,634
25681,10335,None
25682,10095,288
25683,10096,566
25684,10097,None
25685,10113,None
25686,10115,366
25687,10116,583
25688,10105,None
25690,10153,596
25691,10131,420
25692,10133,185
25693,10134,None
25694,10155,188
25696,10842,1398
25697,10172,650
25698,10173,586
25699,10174,570
24987,10046,None
24991,10785,1442
35863,11427,1486
35871,11450,1490
35874,11464,None
27859,11812,1563
39440,11455,1491
35889,11558,1501
35894,11531,1506
35896,11542,None
35897,11559,1516
62790,14128,1605
40273,11511,1503
40274,11814,1564
31572,11420,1483
31573,11473,None
31575,11768,1554
31582,11773,1556
31584,11817,1566
31593,11715,1544
31594,11946,1576
31595,11389,1480
25700,10176,189
25701,10186,484
25702,10204,None
25703,10005,306
25704,10006,None
25705,10661,632
25707,10118,None
25708,10119,249
25710,10713,1389
25712,10013,56
25713,10014,None
25716,10034,513
27175,10775,None
25717,10188,None
25718,10189,None
25719,10190,474
25720,10043,None
25722,10045,394
25723,10055,None
25724,10056,None
25725,10062,435
25726,10063,151
25728,10018,None
25729,10715,1390
25730,10716,None
25731,10027,392
25732,10028,None
25733,10036,501
25734,10726,1441
25735,10669,413
25738,10048,456
25739,10057,117
25742,10065,77
25743,10066,None
25744,10069,523
25745,10761,1446
25746,10085,None
25747,10075,199
25748,10076,301
25749,10077,None
34498,13736,1601
25752,10777,1467
25753,10080,204
25754,10790,None
25755,10120,553
25756,10098,None
25758,10121,360
25759,10122,458
25760,10123,None
25763,10137,None
25767,10157,611
25769,10175,336
48204,13712,None
25773,10160,None
25774,10008,364
25775,10009,44
25776,10010,None
25777,10753,1400
25778,10754,1431
25779,10068,591
25781,10020,None
25782,10021,None
25783,10707,1451
25786,10086,529
25787,10766,1427
25788,10079,46
35910,11592,1521
35914,11605,1524
35915,11607,1525
25790,10001,172
25791,10002,None
25794,10780,1409
25795,10088,627
25796,11346,None
25797,10100,None
25799,10103,242
35925,11656,1536
35928,11647,1533
35932,11675,None
35958,11534,1507
35971,11766,None
35994,11866,None
25001,10852,None
25019,10571,None
38863,11974,1515
31605,11823,1567
31629,11513,1504
38890,12005,1589
38898,11667,1538
31646,11437,1487
31647,11633,1529
31648,11573,1518
31661,11971,1513
31669,11771,1555
27225,10278,None
31683,11661,1537
31684,11475,1496
31685,11621,1527
31686,11785,1559
31687,11588,1520
31689,11784,None
31691,11915,1581
31694,11506,1502
31699,11443,1488
25800,10683,320
25801,10709,None
25802,10022,28
25803,10029,385
25805,10031,328
25807,10039,479
25808,10040,17
25809,10049,None
72302,24691,1609
25810,10050,395
25811,10051,104
25823,10545,95
25824,10633,156
40443,11644,None
31700,11541,1508
31703,11927,1585
31706,11408,1198
31707,11406,1482
31711,11924,1584
31714,11759,1551
25153,10004,None
31715,11917,1582
25154,10012,None
31716,11923,1591
25155,10023,93
25156,10141,437
25157,10032,572
31718,11641,1531
25158,10041,103
25160,10061,230
25161,10070,588
31722,11651,1534
31723,11489,1498
25162,10770,1201
25164,10106,67
36019,11898,1579
25166,10144,None
25168,10177,None
31729,11660,1191
25169,10194,88
25170,10208,214
25171,10223,None
25172,10920,1413
25173,10252,567
31734,11626,1528
25174,10263,43
25175,10958,1437
31736,11458,1492
25176,10285,582
25177,10294,None
25178,10304,None
40488,11884,1578
25180,10328,None
25181,10338,None
36036,11943,1588
25182,10348,36
25183,10352,345
25184,10362,68
25185,10377,298
25186,10390,None
25187,10402,12
25188,11095,None
25190,11115,1211
25191,10444,None
25192,10453,595
25193,10670,427
25194,11145,1458
25195,10472,None
25197,11347,1476
25198,11174,1454
25199,10660,209
34603,11362,1478
46207,12834,None
35356,11599,1522
35360,11603,1523
35363,11610,1526
35372,11640,1530
35379,11668,1539
35388,11696,1542
35394,11727,1547
37590,11692,1541
25200,10501,None
25201,10506,307
25203,10522,None
25205,10537,295
25206,10542,126
25207,10548,None
25208,10555,116
25209,11245,None
25211,10575,234
25212,11265,1408
25213,10587,None
25215,10600,None
25218,10621,None
25219,11312,1384
25220,10634,None
25221,11323,1397
25222,10646,None
25223,10652,None
25224,10658,136
25225,10659,57
25226,11345,None
25227,11350,1170
25228,11309,1463
25229,10625,489
74691,14142,1608
25230,10626,220
25231,10613,112
25232,10614,338
25233,10615,None
25234,10623,None
25235,10624,None
25236,11308,1462
25238,10630,62
25239,10632,39
25241,10637,53
25242,10639,None
25243,10640,None
25244,11318,1428
25246,10643,None
25248,10645,316
25249,11324,1394
25250,10641,None
25251,10642,None
25252,10647,None
25253,10648,390
25254,11333,1440
25255,10650,401
25256,10651,98
25257,10579,403
25258,10580,55
25259,10576,449
25260,10577,296
25261,10578,445
25262,10582,245
25263,11267,1383
25264,10583,348
25266,10585,None
25268,10656,None
25269,11340,1461
25270,10657,None
25273,10594,177
25275,10590,None
25276,11275,None
25277,11280,1399
25278,10596,163
25279,10597,None
35405,11742,1550
25280,10598,None
25284,10655,None
25286,10606,None
25287,11291,1426
25288,10602,335
25290,10604,410
25291,10608,None
25292,10672,None
25293,10610,429
25296,10533,None
25297,10534,411
36154,11522,None
35436,11791,1560
35440,11816,1565
61606,13934,1604
61609,13933,1603
35446,11859,1572
54327,13735,None
35461,11798,1568
28181,11804,1562
38317,11973,1514
35482,11858,1571
37613,11843,1569
19494,11553,1511
19497,11740,1549
73286,14137,None
38376,12004,1546
37676,11461,1493
41312,11397,1481
25301,11216,1453
25302,11224,1393
25303,11225,None
25304,10541,None
25305,11221,1464
25307,10540,None
25308,10543,404
25309,10544,325
25311,10546,None
25313,10552,639
25315,10549,None
25316,10550,None
25318,10559,312
25319,10560,None
25321,10557,None
25322,10558,318
25323,10561,None
25325,10563,91
25326,10564,None
25327,10565,None
25329,10616,None
25330,10619,286
25331,10620,244
25332,11170,None
25333,10489,217
25334,11172,1424
25336,10496,None
25337,10492,None
25338,11176,None
25340,10499,14
25341,10500,None
25342,11185,1385
25344,10498,171
25346,10503,334
25347,11189,1433
25348,11190,1415
25349,10684,605
25350,10505,253
25352,10573,None
25353,10574,463
25355,10512,None
25356,11199,1447
25357,11194,None
25358,10507,None
25360,10520,133
25361,10521,35
25362,10517,626
25363,10518,534
25364,10519,190
25365,10523,None
25366,10525,None
25367,10526,None
25369,10447,None
25370,10450,414
25371,10452,None
25372,10436,372
25373,10437,None
25375,10451,None
25376,11128,1448
25377,10527,237
25378,10528,None
35502,11905,1580
25381,10459,None
25382,10461,None
25383,10454,546
25384,11132,1466
25385,10455,None
25386,10458,None
25388,10465,None
32679,11970,1512
35516,11929,1586
25391,10462,None
25392,10463,None
25393,10467,576
25394,10468,157
25395,11148,1474
25397,10470,124
25398,10471,None
35533,11480,1497
28282,11565,1517
38427,11494,1499
37700,10214,None
37707,11792,1561
38488,11707,1543
25400,10569,None
25403,11156,None
25404,10477,33
25405,10473,274
25406,10474,None
25409,10484,161
25412,10376,None
25413,10353,None
25415,10355,247
25416,10363,None
25417,10367,450
25418,10368,549
25419,10378,None
25420,10379,None
25421,10381,193
25424,10480,None
25426,10483,None
25428,10400,None
25429,10401,393
25430,10391,None
25431,11076,1419
25432,10392,None
18145,11936,1587
25435,10413,None
25438,11087,1392
25439,10415,465
25442,10421,None
25443,10422,None
25444,10423,115
25445,10486,None
25446,10487,None
25447,10488,None
25448,10491,None
25449,10434,None
25450,11113,1452
25451,10435,428
25452,10426,8
25453,10427,454
25454,10428,361
25455,10439,638
25456,10440,None
25457,10662,None
25458,11032,1439
25459,10678,206
25460,10329,169
25461,10330,None
25462,10331,None
25463,10339,None
25466,10351,None
25467,11038,1411
25468,10356,None
25469,10357,441
25470,10370,None
25471,10371,114
25472,11048,1396
40782,11421,1484
25473,10361,15
25474,10383,178
40783,11447,None
25476,10384,None
25477,10385,None
25478,10387,651
25479,10393,None
35603,11581,None
25480,10394,None
25481,10397,333
40791,11545,1510
25483,10409,None
25484,10410,None
25485,11093,1387
25487,10419,None
25489,10944,1430
40799,11760,1552
25491,10265,350
25492,10253,None
35617,11672,1540
25493,10254,None
25494,10934,1432
25495,10372,164
25496,11057,1470
25497,10373,268
25498,10286,None
25499,10287,None
35652,11783,None
42986,12016,1598
35697,11869,1575
80778,24697,1610
72787,14131,1606
25500,10277,None
25502,10961,1386
33522,11719,1545
25504,10292,481
25505,10293,47
25506,11109,1435
40816,11845,None
25507,10430,None
25508,10431,562
25511,10303,None
25512,10295,467
25513,10296,None
25515,10312,40
25516,10313,None
25517,10314,376
25518,10305,None
25519,10306,None
25520,10307,None
25521,10308,175
25523,10319,432
25525,11003,1438
25526,10326,159
25527,10685,603
25528,10327,451
25529,10388,636
40839,11377,1479
25530,10389,384
25531,10210,None
25532,10209,None
25533,10882,1436
25534,10197,478
25535,10884,1405
25536,10336,None
25539,10442,None
25540,10232,462
25541,10918,None
25542,10240,261
25543,10224,None
25544,10225,111
33564,11374,1593
25546,10241,76
25548,10242,None
25549,10248,None
25550,10251,379
25551,10344,None
25553,11026,1200
25554,11027,None
25555,10349,123
25557,11036,1473
25558,10346,None
25559,10347,None
25560,10358,54
25563,10256,415
25564,10257,105
25565,10266,None
25566,10267,69
25567,10268,400
25568,10941,1418
25569,10262,231
25570,10279,None
25572,10964,1414
25573,10281,140
25575,10147,308
25576,10834,1469
25577,10828,1406
25578,10142,None
25581,10166,None
25582,10167,61
25583,10288,2
25584,10289,None
25585,10290,None
25587,10193,280
25588,10269,255
25590,10179,343
25592,10271,None
25593,10272,None
25595,10274,520
25596,10298,194
25597,10299,None
29179,11500,1500
35773,11863,1573
35774,11878,1577
32109,11995,1535
39376,11921,1583
39384,11732,1548